167.0
74376.0
803.0
1217.0
421.0
827.0
826.0
562.0
448.0

826.0
1196.0
1245.0
71661.0
518.0
450.0
827.0
826.0
514.0
450.0
24644.0
826.0
1254.0
450.0
24981.0
826.0
524.0
452.0
24971.0
826.0
524.0
452.0
25633.0
826.0
522.0
452.0
24965.0
831.0
521.0
452.0
24992.0
30771.0
31370.0
452.0
24937.0
30617.0
1311.0
452.0
24948.0
30637.0
30283.0
452.0
24950.0
30571.0
29148.0
451.0
24945.0
828.0
521.0
451.0
24962.0
30697.0
519.0
451.0
24963.0
30482.0
522.0
451.0




31352.0
30358.0
31175.0
424.0
24758.0
30773.0
31485.0
424.0
24711.0
805.0
483.0
424.0
24742.0
28900.0
517.0
424.0
25044.0
30663.0
524.0
424.0
24728.0
30745.0
486.0
424.0
25071.0
31202.0
511.0
423.0
24759.0
30851.0
1190.0
423.0
24748.0
30789.0
518.0
427.0
24772.0
30741.0
486.0
1032.0
24750.0
30759.0
509.0
1032.0
24735.0
30767.0
490.0
1032.0




73640.0
73593.0
74345.0
1058.0
24769.0
30797.0
525.0
1058.0
24784.0
30784.0
550.0
1058.0
827.0
827.0
522.0
1058.0
827.0
827.0
26128.0
1058.0
824.0
827.0
25063.0
1059.0
827.0
827.0
526.0
1059.0
827.0
827.0
2977.0
1058.0
514.0
513.0
932.0
1059.0
521.0
513.0
520.0
1059.0
520.0
519.0
939.0
1056.0
520.0
520.0
894.0
1056.0
520.0
520.0
889.0
74018.0
74008.0
573.0
1057.0
25015.0
31052.0
551.0
1057.0
24965.0
31017.0
1255.0
1058.0
24603.0
30975.0
577.0
1058.0
24592.0
30927.0
1215.0
1058.0
24587.0
30948.0
526.0
1057.0
24636.0
30887.0
1194.0
1058.0
24641.0
30954.0
552.0
1058.0
24582.0
30890.0
560.0
1058.0
827.0
827.0
549.0
1059.0
24530.0
30913.0
548.0
1058.0
74034.0
74025.0
520.0
1059.0
665.0
669.0
548.0
1061.0
665.0
672.0
518.0
1061.0
665.0
671.0
1104.0
1061.0
665.0
665.0
560.0
1061.0
665.0
668.0
1046.0
1061.0
24556.0
30809.0
30840.0
1102.0
1061.0
24392.0
30767.0
1102.0
1062.0
24360.0
30842.0
31301.0
1061.0
24337.0
30770.0
31268.0
1061.0
24362.0
30787.0
31289.0
1062.0
