
























20.0
20.5



11853.5
13329.0

29.0
11548.5
12669.5

29.0
11053.0
12369.0
42646.5
29.0
10279.5
11108.0
8764.0
29.0
5068.0
5712.0
10059.0
29.0
9524.5
11179.0
6526.0
29.0
5065.5
3305.0
10733.0
29.0
10034.5
11576.0
9534.0
29.0
5050.0
3306.5
10708.5
29.0
9929.5
11419.5
40609.5
29.0
5065.0
3301.5
10745.5
29.0
20411.5
19154.5
13553.0
29.0
4585.5
4879.5
5811.5
29.0
21378.0
21315.0
26881.5
31.0
2952.5


























11568.5
12051.5
20663.0
31.0
5083.0
3030.0
4418.0
31.0
9519.5
11135.0
12495.5
31.0
5070.5
3052.0
3988.0
31.0
9562.5
11161.5
12519.5
31.0
5053.0
3060.0
3988.5
31.0
3.0
3.0
593.0
57.5
3.0
3.0
520.5
57.5
91.0
91.5
191.0
31.0
48.5
48.0
157.0
31.0
44.5
91.5
192.0
31.0
48.5
48.0
155.5
31.0
41.5
91.5
190.0
31.0
48.5
48.0
156.0
31.0
42.0
89.0
310.5
31.0
49.0
47.5
318.5
30.5
4599.0
91.5
193.0
31.0
48.5
48.0
157.0
31.0
41.5
91.5
191.0
31.0
48.5
48.0
669.0
1469.0
3033.0
499.0
780.0
770.0
2511.0
500.0
91.0
91.5
195.0
31.0
48.5
48.0
158.5
31.0
91.0
91.5
190.0
31.0
48.5
48.0
154.0
31.0
91.0
91.5
189.5
31.0
48.5
48.0
165.5
31.0
22489.5
91.5
192.5
31.0
48.5
48.0
153.5
31.0
23604.5
23665.0
191.0
31.0
6946.0
26409.0
27286.0
43200.5
31.0
7188.5
8408.0
10460.0
31.0
24456.0
25450.5
40844.0
31.0
7157.0
8756.5
10519.0
31.0
24373.5
25570.5
40843.0
31.0
7139.5
8797.0
10748.5
31.0
61.0
61.0
216.0
31.0
34.5
34.5
215.5
31.0
61.0
61.0
216.5
31.0
34.5
34.5
217.0
26053.0
26487.5
43068.5
31.0
7006.5
7806.0
10052.0
31.0
22774.0
23922.0
38984.5
31.0
6832.5
8346.5
9947.5
31.0
26182.0
26797.5
44125.0
31.0
7213.0
8435.5
10431.0
31.0
83.0
83.5
94.5
44935.0
31.0
49.0
48.0
10005.0
31.0
83.0
94.5
42041.0
31.0
49.0
48.0
9944.5
31.0
83.0
95.0
316.5
31.0
49.0
48.0
291.0
31.0
83.0
94.5
315.0
31.0
49.0
48.0
290.5
31.0
83.0
94.5
316.0
31.0
49.0
48.0
288.5
31.0
9928.5
11613.0
13536.0
31.0
5100.5
3086.0
4006.5
31.0
9556.5
11758.0
13515.5
31.0
5095.0
3068.5
4008.0
31.0
9560.0
11769.5
13533.5
31.0
5093.0
3064.0
4008.5
31.0
25130.5
26817.0
42345.0
31.0
6886.5
8227.0
9928.5
31.0
25187.0
27335.5
42521.0
31.0
6885.5
8100.5
9950.0
31.0
25219.0
27230.0
42474.5
31.0
6879.5
8210.0
9922.5
31.0
